Spectral Radiance calculated by Planck's Radiation Law and its 
low frequency approximation at a temperature of T = 2.73 K.

NB: Spectral Radiance and LF Approx. have units W.m^-2.Hz^-1.sr^-1
Frequency (GHz)      Spectral Radiance    Low Freq. Approx.    
1.00000e-09          8.38765e-40          8.38763e-40          
2.00401e-02          3.36792e-25          3.36851e-25          
4.00802e-02          1.34693e-24          1.34741e-24          
6.01202e-02          3.03006e-24          3.03166e-24          
8.01603e-02          5.38582e-24          5.38962e-24          
1.00200e-01          8.41387e-24          8.42128e-24          
1.20240e-01          1.21138e-23          1.21266e-23          
1.40281e-01          1.64854e-23          1.65057e-23          
1.60321e-01          2.15281e-23          2.15585e-23          
1.80361e-01          2.72417e-23          2.72850e-23          
2.00401e-01          3.36258e-23          3.36851e-23          
2.20441e-01          4.06801e-23          4.07590e-23          
2.40481e-01          4.84041e-23          4.85066e-23          
2.60521e-01          5.67976e-23          5.69279e-23          
2.80561e-01          6.58602e-23          6.60229e-23          
3.00601e-01          7.55915e-23          7.57915e-23          
3.20641e-01          8.59911e-23          8.62339e-23          
3.40681e-01          9.70588e-23          9.73500e-23          
3.60721e-01          1.08794e-22          1.09140e-22          
3.80762e-01          1.21197e-22          1.21603e-22          
4.00802e-01          1.34266e-22          1.34741e-22          
4.20842e-01          1.48003e-22          1.48551e-22          
4.40882e-01          1.62405e-22          1.63036e-22          
4.60922e-01          1.77473e-22          1.78194e-22          
4.80962e-01          1.93207e-22          1.94026e-22          
5.01002e-01          2.09606e-22          2.10532e-22          
5.21042e-01          2.26670e-22          2.27711e-22          
5.41082e-01          2.44399e-22          2.45565e-22          
5.61122e-01          2.62791e-22          2.64091e-22          
5.81162e-01          2.81847e-22          2.83292e-22          
6.01202e-01          3.01567e-22          3.03166e-22          
6.21242e-01          3.21950e-22          3.23714e-22          
6.41283e-01          3.42995e-22          3.44936e-22          
6.61323e-01          3.64703e-22          3.66831e-22          
6.81363e-01          3.87073e-22          3.89400e-22          
7.01403e-01          4.10104e-22          4.12643e-22          
7.21443e-01          4.33797e-22          4.36559e-22          
7.41483e-01          4.58150e-22          4.61149e-22          
7.61523e-01          4.83165e-22          4.86413e-22          
7.81563e-01          5.08839e-22          5.12351e-22          
8.01603e-01          5.35174e-22          5.38962e-22          
8.21643e-01          5.62167e-22          5.66247e-22          
8.41683e-01          5.89820e-22          5.94206e-22          
8.61723e-01          6.18132e-22          6.22838e-22          
8.81764e-01          6.47103e-22          6.52144e-22          
9.01804e-01          6.76731e-22          6.82124e-22          
9.21844e-01          7.07017e-22          7.12777e-22          
9.41884e-01          7.37961e-22          7.44105e-22          
9.61924e-01          7.69562e-22          7.76105e-22          
9.81964e-01          8.01819e-22          8.08780e-22          
1.00200e+00          8.34733e-22          8.42128e-22          
1.02204e+00          8.68303e-22          8.76150e-22          
1.04208e+00          9.02528e-22          9.10846e-22          
1.06212e+00          9.37409e-22          9.46215e-22          
1.08216e+00          9.72945e-22          9.82258e-22          
1.10220e+00          1.00914e-21          1.01898e-21          
1.12224e+00          1.04598e-21          1.05637e-21          
1.14228e+00          1.08348e-21          1.09443e-21          
1.16232e+00          1.12163e-21          1.13317e-21          
1.18236e+00          1.16044e-21          1.17258e-21          
1.20240e+00          1.19989e-21          1.21266e-21          
1.22244e+00          1.24000e-21          1.25342e-21          
1.24248e+00          1.28077e-21          1.29486e-21          
1.26253e+00          1.32218e-21          1.33696e-21          
1.28257e+00          1.36425e-21          1.37974e-21          
1.30261e+00          1.40696e-21          1.42320e-21          
1.32265e+00          1.45033e-21          1.46732e-21          
1.34269e+00          1.49435e-21          1.51213e-21          
1.36273e+00          1.53902e-21          1.55760e-21          
1.38277e+00          1.58434e-21          1.60375e-21          
1.40281e+00          1.63030e-21          1.65057e-21          
1.42285e+00          1.67692e-21          1.69807e-21          
1.44289e+00          1.72418e-21          1.74624e-21          
1.46293e+00          1.77210e-21          1.79508e-21          
1.48297e+00          1.82066e-21          1.84460e-21          
1.50301e+00          1.86987e-21          1.89479e-21          
1.52305e+00          1.91972e-21          1.94565e-21          
1.54309e+00          1.97023e-21          1.99719e-21          
1.56313e+00          2.02137e-21          2.04940e-21          
1.58317e+00          2.07317e-21          2.10229e-21          
1.60321e+00          2.12561e-21          2.15585e-21          
1.62325e+00          2.17870e-21          2.21008e-21          
1.64329e+00          2.23243e-21          2.26499e-21          
1.66333e+00          2.28681e-21          2.32057e-21          
1.68337e+00          2.34183e-21          2.37682e-21          
1.70341e+00          2.39749e-21          2.43375e-21          
1.72345e+00          2.45380e-21          2.49135e-21          
1.74349e+00          2.51075e-21          2.54963e-21          
1.76353e+00          2.56835e-21          2.60858e-21          
1.78357e+00          2.62659e-21          2.66820e-21          
1.80361e+00          2.68547e-21          2.72850e-21          
1.82365e+00          2.74499e-21          2.78947e-21          
1.84369e+00          2.80516e-21          2.85111e-21          
1.86373e+00          2.86596e-21          2.91343e-21          
1.88377e+00          2.92741e-21          2.97642e-21          
1.90381e+00          2.98949e-21          3.04008e-21          
1.92385e+00          3.05222e-21          3.10442e-21          
1.94389e+00          3.11559e-21          3.16943e-21          
1.96393e+00          3.17959e-21          3.23512e-21          
1.98397e+00          3.24424e-21          3.30148e-21          
2.00401e+00          3.30953e-21          3.36851e-21          
2.02405e+00          3.37545e-21          3.43622e-21          
2.04409e+00          3.44201e-21          3.50460e-21          
2.06413e+00          3.50921e-21          3.57366e-21          
2.08417e+00          3.57705e-21          3.64338e-21          
2.10421e+00          3.64552e-21          3.71379e-21          
2.12425e+00          3.71463e-21          3.78486e-21          
2.14429e+00          3.78438e-21          3.85661e-21          
2.16433e+00          3.85476e-21          3.92903e-21          
2.18437e+00          3.92578e-21          4.00213e-21          
2.20441e+00          3.99744e-21          4.07590e-21          
2.22445e+00          4.06972e-21          4.15034e-21          
2.24449e+00          4.14265e-21          4.22546e-21          
2.26453e+00          4.21621e-21          4.30125e-21          
2.28457e+00          4.29040e-21          4.37772e-21          
2.30461e+00          4.36523e-21          4.45486e-21          
2.32465e+00          4.44069e-21          4.53267e-21          
2.34469e+00          4.51678e-21          4.61116e-21          
2.36473e+00          4.59350e-21          4.69032e-21          
2.38477e+00          4.67086e-21          4.77015e-21          
2.40481e+00          4.74885e-21          4.85066e-21          
2.42485e+00          4.82747e-21          4.93184e-21          
2.44489e+00          4.90672e-21          5.01369e-21          
2.46493e+00          4.98661e-21          5.09622e-21          
2.48497e+00          5.06712e-21          5.17943e-21          
2.50501e+00          5.14826e-21          5.26330e-21          
2.52505e+00          5.23004e-21          5.34785e-21          
2.54509e+00          5.31244e-21          5.43307e-21          
2.56513e+00          5.39547e-21          5.51897e-21          
2.58517e+00          5.47913e-21          5.60554e-21          
2.60521e+00          5.56342e-21          5.69279e-21          
2.62525e+00          5.64834e-21          5.78070e-21          
2.64529e+00          5.73388e-21          5.86930e-21          
2.66533e+00          5.82006e-21          5.95856e-21          
2.68537e+00          5.90686e-21          6.04850e-21          
2.70541e+00          5.99428e-21          6.13911e-21          
2.72545e+00          6.08234e-21          6.23040e-21          
2.74549e+00          6.17102e-21          6.32236e-21          
2.76553e+00          6.26032e-21          6.41500e-21          
2.78557e+00          6.35025e-21          6.50830e-21          
2.80561e+00          6.44081e-21          6.60229e-21          
2.82565e+00          6.53199e-21          6.69694e-21          
2.84569e+00          6.62379e-21          6.79227e-21          
2.86573e+00          6.71622e-21          6.88827e-21          
2.88577e+00          6.80927e-21          6.98495e-21          
2.90581e+00          6.90295e-21          7.08230e-21          
2.92585e+00          6.99724e-21          7.18032e-21          
2.94589e+00          7.09217e-21          7.27902e-21          
2.96593e+00          7.18771e-21          7.37839e-21          
2.98597e+00          7.28387e-21          7.47844e-21          
3.00601e+00          7.38066e-21          7.57915e-21          
3.02605e+00          7.47807e-21          7.68055e-21          
3.04609e+00          7.57610e-21          7.78261e-21          
3.06613e+00          7.67475e-21          7.88535e-21          
3.08617e+00          7.77402e-21          7.98877e-21          
3.10621e+00          7.87390e-21          8.09285e-21          
3.12625e+00          7.97441e-21          8.19761e-21          
3.14629e+00          8.07554e-21          8.30305e-21          
3.16633e+00          8.17729e-21          8.40916e-21          
3.18637e+00          8.27965e-21          8.51594e-21          
3.20641e+00          8.38264e-21          8.62339e-21          
3.22645e+00          8.48624e-21          8.73152e-21          
3.24649e+00          8.59046e-21          8.84033e-21          
3.26653e+00          8.69529e-21          8.94980e-21          
3.28657e+00          8.80075e-21          9.05995e-21          
3.30661e+00          8.90682e-21          9.17078e-21          
3.32665e+00          9.01350e-21          9.28227e-21          
3.34669e+00          9.12080e-21          9.39445e-21          
3.36673e+00          9.22872e-21          9.50729e-21          
3.38677e+00          9.33725e-21          9.62081e-21          
3.40681e+00          9.44640e-21          9.73500e-21          
3.42685e+00          9.55616e-21          9.84987e-21          
3.44689e+00          9.66653e-21          9.96541e-21          
3.46693e+00          9.77752e-21          1.00816e-20          
3.48697e+00          9.88912e-21          1.01985e-20          
3.50701e+00          1.00013e-20          1.03161e-20          
3.52705e+00          1.01142e-20          1.04343e-20          
3.54709e+00          1.02276e-20          1.05532e-20          
3.56713e+00          1.03417e-20          1.06728e-20          
3.58717e+00          1.04563e-20          1.07931e-20          
3.60721e+00          1.05716e-20          1.09140e-20          
3.62725e+00          1.06875e-20          1.10356e-20          
3.64729e+00          1.08040e-20          1.11579e-20          
3.66733e+00          1.09211e-20          1.12808e-20          
3.68737e+00          1.10388e-20          1.14044e-20          
3.70741e+00          1.11571e-20          1.15287e-20          
3.72745e+00          1.12761e-20          1.16537e-20          
3.74749e+00          1.13956e-20          1.17794e-20          
3.76754e+00          1.15158e-20          1.19057e-20          
3.78758e+00          1.16365e-20          1.20327e-20          
3.80762e+00          1.17579e-20          1.21603e-20          
3.82766e+00          1.18799e-20          1.22887e-20          
3.84770e+00          1.20024e-20          1.24177e-20          
3.86774e+00          1.21256e-20          1.25474e-20          
3.88778e+00          1.22494e-20          1.26777e-20          
3.90782e+00          1.23738e-20          1.28088e-20          
3.92786e+00          1.24989e-20          1.29405e-20          
3.94790e+00          1.26245e-20          1.30729e-20          
3.96794e+00          1.27507e-20          1.32059e-20          
3.98798e+00          1.28775e-20          1.33396e-20          
4.00802e+00          1.30049e-20          1.34741e-20          
4.02806e+00          1.31330e-20          1.36091e-20          
4.04810e+00          1.32616e-20          1.37449e-20          
4.06814e+00          1.33909e-20          1.38813e-20          
4.08818e+00          1.35207e-20          1.40184e-20          
4.10822e+00          1.36511e-20          1.41562e-20          
4.12826e+00          1.37822e-20          1.42946e-20          
4.14830e+00          1.39138e-20          1.44337e-20          
4.16834e+00          1.40461e-20          1.45735e-20          
4.18838e+00          1.41790e-20          1.47140e-20          
4.20842e+00          1.43124e-20          1.48551e-20          
4.22846e+00          1.44465e-20          1.49970e-20          
4.24850e+00          1.45811e-20          1.51394e-20          
4.26854e+00          1.47164e-20          1.52826e-20          
4.28858e+00          1.48522e-20          1.54264e-20          
4.30862e+00          1.49887e-20          1.55710e-20          
4.32866e+00          1.51258e-20          1.57161e-20          
4.34870e+00          1.52634e-20          1.58620e-20          
4.36874e+00          1.54017e-20          1.60085e-20          
4.38878e+00          1.55405e-20          1.61557e-20          
4.40882e+00          1.56800e-20          1.63036e-20          
4.42886e+00          1.58200e-20          1.64522e-20          
4.44890e+00          1.59606e-20          1.66014e-20          
4.46894e+00          1.61019e-20          1.67513e-20          
4.48898e+00          1.62437e-20          1.69019e-20          
4.50902e+00          1.63862e-20          1.70531e-20          
4.52906e+00          1.65292e-20          1.72050e-20          
4.54910e+00          1.66728e-20          1.73576e-20          
4.56914e+00          1.68170e-20          1.75109e-20          
4.58918e+00          1.69618e-20          1.76648e-20          
4.60922e+00          1.71072e-20          1.78194e-20          
4.62926e+00          1.72532e-20          1.79747e-20          
4.64930e+00          1.73998e-20          1.81307e-20          
4.66934e+00          1.75470e-20          1.82873e-20          
4.68938e+00          1.76948e-20          1.84446e-20          
4.70942e+00          1.78432e-20          1.86026e-20          
4.72946e+00          1.79922e-20          1.87613e-20          
4.74950e+00          1.81417e-20          1.89206e-20          
4.76954e+00          1.82919e-20          1.90806e-20          
4.78958e+00          1.84426e-20          1.92413e-20          
4.80962e+00          1.85939e-20          1.94026e-20          
4.82966e+00          1.87459e-20          1.95647e-20          
4.84970e+00          1.88984e-20          1.97274e-20          
4.86974e+00          1.90515e-20          1.98907e-20          
4.88978e+00          1.92052e-20          2.00548e-20          
4.90982e+00          1.93595e-20          2.02195e-20          
4.92986e+00          1.95143e-20          2.03849e-20          
4.94990e+00          1.96698e-20          2.05510e-20          
4.96994e+00          1.98258e-20          2.07177e-20          
4.98998e+00          1.99825e-20          2.08851e-20          
5.01002e+00          2.01397e-20          2.10532e-20          
5.03006e+00          2.02975e-20          2.12220e-20          
5.05010e+00          2.04559e-20          2.13914e-20          
5.07014e+00          2.06149e-20          2.15615e-20          
5.09018e+00          2.07745e-20          2.17323e-20          
5.11022e+00          2.09346e-20          2.19038e-20          
5.13026e+00          2.10954e-20          2.20759e-20          
5.15030e+00          2.12567e-20          2.22487e-20          
5.17034e+00          2.14186e-20          2.24222e-20          
5.19038e+00          2.15811e-20          2.25963e-20          
5.21042e+00          2.17442e-20          2.27711e-20          
5.23046e+00          2.19079e-20          2.29466e-20          
5.25050e+00          2.20721e-20          2.31228e-20          
5.27054e+00          2.22369e-20          2.32997e-20          
5.29058e+00          2.24023e-20          2.34772e-20          
5.31062e+00          2.25683e-20          2.36554e-20          
5.33066e+00          2.27349e-20          2.38342e-20          
5.35070e+00          2.29021e-20          2.40138e-20          
5.37074e+00          2.30698e-20          2.41940e-20          
5.39078e+00          2.32382e-20          2.43749e-20          
5.41082e+00          2.34071e-20          2.45565e-20          
5.43086e+00          2.35766e-20          2.47387e-20          
5.45090e+00          2.37466e-20          2.49216e-20          
5.47094e+00          2.39173e-20          2.51052e-20          
5.49098e+00          2.40885e-20          2.52894e-20          
5.51102e+00          2.42603e-20          2.54744e-20          
5.53106e+00          2.44327e-20          2.56600e-20          
5.55110e+00          2.46057e-20          2.58463e-20          
5.57114e+00          2.47792e-20          2.60332e-20          
5.59118e+00          2.49533e-20          2.62208e-20          
5.61122e+00          2.51280e-20          2.64091e-20          
5.63126e+00          2.53033e-20          2.65981e-20          
5.65130e+00          2.54791e-20          2.67878e-20          
5.67134e+00          2.56556e-20          2.69781e-20          
5.69138e+00          2.58326e-20          2.71691e-20          
5.71142e+00          2.60102e-20          2.73607e-20          
5.73146e+00          2.61883e-20          2.75531e-20          
5.75150e+00          2.63671e-20          2.77461e-20          
5.77154e+00          2.65464e-20          2.79398e-20          
5.79158e+00          2.67262e-20          2.81342e-20          
5.81162e+00          2.69067e-20          2.83292e-20          
5.83166e+00          2.70877e-20          2.85249e-20          
5.85170e+00          2.72693e-20          2.87213e-20          
5.87174e+00          2.74515e-20          2.89183e-20          
5.89178e+00          2.76343e-20          2.91161e-20          
5.91182e+00          2.78176e-20          2.93145e-20          
5.93186e+00          2.80015e-20          2.95136e-20          
5.95190e+00          2.81859e-20          2.97133e-20          
5.97194e+00          2.83710e-20          2.99137e-20          
5.99198e+00          2.85566e-20          3.01148e-20          
6.01202e+00          2.87428e-20          3.03166e-20          
6.03206e+00          2.89295e-20          3.05191e-20          
6.05210e+00          2.91168e-20          3.07222e-20          
6.07214e+00          2.93047e-20          3.09260e-20          
6.09218e+00          2.94932e-20          3.11304e-20          
6.11222e+00          2.96822e-20          3.13356e-20          
6.13226e+00          2.98718e-20          3.15414e-20          
6.15230e+00          3.00620e-20          3.17479e-20          
6.17234e+00          3.02527e-20          3.19551e-20          
6.19238e+00          3.04440e-20          3.21629e-20          
6.21242e+00          3.06359e-20          3.23714e-20          
6.23246e+00          3.08284e-20          3.25806e-20          
6.25251e+00          3.10214e-20          3.27905e-20          
6.27255e+00          3.12149e-20          3.30010e-20          
6.29259e+00          3.14091e-20          3.32122e-20          
6.31263e+00          3.16038e-20          3.34241e-20          
6.33267e+00          3.17991e-20          3.36366e-20          
6.35271e+00          3.19949e-20          3.38498e-20          
6.37275e+00          3.21913e-20          3.40637e-20          
6.39279e+00          3.23883e-20          3.42783e-20          
6.41283e+00          3.25858e-20          3.44936e-20          
6.43287e+00          3.27839e-20          3.47095e-20          
6.45291e+00          3.29825e-20          3.49261e-20          
6.47295e+00          3.31818e-20          3.51434e-20          
6.49299e+00          3.33816e-20          3.53613e-20          
6.51303e+00          3.35819e-20          3.55799e-20          
6.53307e+00          3.37828e-20          3.57992e-20          
6.55311e+00          3.39843e-20          3.60192e-20          
6.57315e+00          3.41863e-20          3.62398e-20          
6.59319e+00          3.43889e-20          3.64611e-20          
6.61323e+00          3.45921e-20          3.66831e-20          
6.63327e+00          3.47958e-20          3.69058e-20          
6.65331e+00          3.50001e-20          3.71291e-20          
6.67335e+00          3.52049e-20          3.73531e-20          
6.69339e+00          3.54103e-20          3.75778e-20          
6.71343e+00          3.56163e-20          3.78031e-20          
6.73347e+00          3.58228e-20          3.80292e-20          
6.75351e+00          3.60299e-20          3.82559e-20          
6.77355e+00          3.62375e-20          3.84832e-20          
6.79359e+00          3.64457e-20          3.87113e-20          
6.81363e+00          3.66544e-20          3.89400e-20          
6.83367e+00          3.68637e-20          3.91694e-20          
6.85371e+00          3.70736e-20          3.93995e-20          
6.87375e+00          3.72840e-20          3.96302e-20          
6.89379e+00          3.74950e-20          3.98616e-20          
6.91383e+00          3.77065e-20          4.00937e-20          
6.93387e+00          3.79186e-20          4.03265e-20          
6.95391e+00          3.81313e-20          4.05599e-20          
6.97395e+00          3.83445e-20          4.07940e-20          
6.99399e+00          3.85582e-20          4.10288e-20          
7.01403e+00          3.87725e-20          4.12643e-20          
7.03407e+00          3.89874e-20          4.15004e-20          
7.05411e+00          3.92028e-20          4.17372e-20          
7.07415e+00          3.94188e-20          4.19747e-20          
7.09419e+00          3.96353e-20          4.22129e-20          
7.11423e+00          3.98524e-20          4.24517e-20          
7.13427e+00          4.00700e-20          4.26912e-20          
7.15431e+00          4.02882e-20          4.29314e-20          
7.17435e+00          4.05069e-20          4.31722e-20          
7.19439e+00          4.07262e-20          4.34137e-20          
7.21443e+00          4.09461e-20          4.36559e-20          
7.23447e+00          4.11665e-20          4.38988e-20          
7.25451e+00          4.13874e-20          4.41423e-20          
7.27455e+00          4.16089e-20          4.43866e-20          
7.29459e+00          4.18309e-20          4.46314e-20          
7.31463e+00          4.20535e-20          4.48770e-20          
7.33467e+00          4.22767e-20          4.51233e-20          
7.35471e+00          4.25003e-20          4.53702e-20          
7.37475e+00          4.27246e-20          4.56177e-20          
7.39479e+00          4.29494e-20          4.58660e-20          
7.41483e+00          4.31747e-20          4.61149e-20          
7.43487e+00          4.34006e-20          4.63645e-20          
7.45491e+00          4.36270e-20          4.66148e-20          
7.47495e+00          4.38540e-20          4.68658e-20          
7.49499e+00          4.40815e-20          4.71174e-20          
7.51503e+00          4.43096e-20          4.73697e-20          
7.53507e+00          4.45382e-20          4.76227e-20          
7.55511e+00          4.47673e-20          4.78763e-20          
7.57515e+00          4.49970e-20          4.81307e-20          
7.59519e+00          4.52273e-20          4.83857e-20          
7.61523e+00          4.54581e-20          4.86413e-20          
7.63527e+00          4.56894e-20          4.88977e-20          
7.65531e+00          4.59213e-20          4.91547e-20          
7.67535e+00          4.61537e-20          4.94124e-20          
7.69539e+00          4.63867e-20          4.96707e-20          
7.71543e+00          4.66202e-20          4.99298e-20          
7.73547e+00          4.68543e-20          5.01895e-20          
7.75551e+00          4.70889e-20          5.04499e-20          
7.77555e+00          4.73240e-20          5.07109e-20          
7.79559e+00          4.75597e-20          5.09727e-20          
7.81563e+00          4.77959e-20          5.12351e-20          
7.83567e+00          4.80327e-20          5.14982e-20          
7.85571e+00          4.82700e-20          5.17619e-20          
7.87575e+00          4.85078e-20          5.20263e-20          
7.89579e+00          4.87462e-20          5.22914e-20          
7.91583e+00          4.89852e-20          5.25572e-20          
7.93587e+00          4.92246e-20          5.28237e-20          
7.95591e+00          4.94646e-20          5.30908e-20          
7.97595e+00          4.97052e-20          5.33586e-20          
7.99599e+00          4.99463e-20          5.36271e-20          
8.01603e+00          5.01879e-20          5.38962e-20          
8.03607e+00          5.04301e-20          5.41660e-20          
8.05611e+00          5.06727e-20          5.44365e-20          
8.07615e+00          5.09160e-20          5.47077e-20          
8.09619e+00          5.11598e-20          5.49795e-20          
8.11623e+00          5.14041e-20          5.52520e-20          
8.13627e+00          5.16489e-20          5.55252e-20          
8.15631e+00          5.18943e-20          5.57991e-20          
8.17635e+00          5.21402e-20          5.60736e-20          
8.19639e+00          5.23867e-20          5.63488e-20          
8.21643e+00          5.26337e-20          5.66247e-20          
8.23647e+00          5.28812e-20          5.69013e-20          
8.25651e+00          5.31292e-20          5.71785e-20          
8.27655e+00          5.33778e-20          5.74564e-20          
8.29659e+00          5.36269e-20          5.77350e-20          
8.31663e+00          5.38766e-20          5.80142e-20          
8.33667e+00          5.41268e-20          5.82941e-20          
8.35671e+00          5.43775e-20          5.85747e-20          
8.37675e+00          5.46288e-20          5.88560e-20          
8.39679e+00          5.48806e-20          5.91379e-20          
8.41683e+00          5.51329e-20          5.94206e-20          
8.43687e+00          5.53857e-20          5.97039e-20          
8.45691e+00          5.56391e-20          5.99878e-20          
8.47695e+00          5.58930e-20          6.02725e-20          
8.49699e+00          5.61475e-20          6.05578e-20          
8.51703e+00          5.64025e-20          6.08438e-20          
8.53707e+00          5.66580e-20          6.11304e-20          
8.55711e+00          5.69140e-20          6.14178e-20          
8.57715e+00          5.71706e-20          6.17058e-20          
8.59719e+00          5.74277e-20          6.19944e-20          
8.61723e+00          5.76853e-20          6.22838e-20          
8.63727e+00          5.79434e-20          6.25738e-20          
8.65731e+00          5.82021e-20          6.28645e-20          
8.67735e+00          5.84613e-20          6.31559e-20          
8.69739e+00          5.87210e-20          6.34480e-20          
8.71743e+00          5.89813e-20          6.37407e-20          
8.73747e+00          5.92421e-20          6.40341e-20          
8.75752e+00          5.95034e-20          6.43282e-20          
8.77756e+00          5.97652e-20          6.46229e-20          
8.79760e+00          6.00276e-20          6.49183e-20          
8.81764e+00          6.02905e-20          6.52144e-20          
8.83768e+00          6.05539e-20          6.55112e-20          
8.85772e+00          6.08179e-20          6.58086e-20          
8.87776e+00          6.10823e-20          6.61067e-20          
8.89780e+00          6.13473e-20          6.64055e-20          
8.91784e+00          6.16128e-20          6.67050e-20          
8.93788e+00          6.18789e-20          6.70051e-20          
8.95792e+00          6.21454e-20          6.73059e-20          
8.97796e+00          6.24125e-20          6.76074e-20          
8.99800e+00          6.26801e-20          6.79096e-20          
9.01804e+00          6.29482e-20          6.82124e-20          
9.03808e+00          6.32169e-20          6.85159e-20          
9.05812e+00          6.34861e-20          6.88201e-20          
9.07816e+00          6.37558e-20          6.91249e-20          
9.09820e+00          6.40260e-20          6.94304e-20          
9.11824e+00          6.42967e-20          6.97366e-20          
9.13828e+00          6.45680e-20          7.00435e-20          
9.15832e+00          6.48397e-20          7.03511e-20          
9.17836e+00          6.51120e-20          7.06593e-20          
9.19840e+00          6.53848e-20          7.09682e-20          
9.21844e+00          6.56582e-20          7.12777e-20          
9.23848e+00          6.59320e-20          7.15880e-20          
9.25852e+00          6.62064e-20          7.18989e-20          
9.27856e+00          6.64813e-20          7.22105e-20          
9.29860e+00          6.67567e-20          7.25227e-20          
9.31864e+00          6.70326e-20          7.28357e-20          
9.33868e+00          6.73091e-20          7.31493e-20          
9.35872e+00          6.75860e-20          7.34636e-20          
9.37876e+00          6.78635e-20          7.37785e-20          
9.39880e+00          6.81415e-20          7.40941e-20          
9.41884e+00          6.84200e-20          7.44105e-20          
9.43888e+00          6.86990e-20          7.47274e-20          
9.45892e+00          6.89785e-20          7.50451e-20          
9.47896e+00          6.92586e-20          7.53634e-20          
9.49900e+00          6.95392e-20          7.56824e-20          
9.51904e+00          6.98202e-20          7.60021e-20          
9.53908e+00          7.01018e-20          7.63224e-20          
9.55912e+00          7.03839e-20          7.66434e-20          
9.57916e+00          7.06666e-20          7.69651e-20          
9.59920e+00          7.09497e-20          7.72875e-20          
9.61924e+00          7.12334e-20          7.76105e-20          
9.63928e+00          7.15175e-20          7.79343e-20          
9.65932e+00          7.18022e-20          7.82586e-20          
9.67936e+00          7.20874e-20          7.85837e-20          
9.69940e+00          7.23731e-20          7.89094e-20          
9.71944e+00          7.26593e-20          7.92358e-20          
9.73948e+00          7.29460e-20          7.95629e-20          
9.75952e+00          7.32332e-20          7.98907e-20          
9.77956e+00          7.35210e-20          8.02191e-20          
9.79960e+00          7.38092e-20          8.05482e-20          
9.81964e+00          7.40980e-20          8.08780e-20          
9.83968e+00          7.43872e-20          8.12084e-20          
9.85972e+00          7.46770e-20          8.15396e-20          
9.87976e+00          7.49673e-20          8.18714e-20          
9.89980e+00          7.52581e-20          8.22038e-20          
9.91984e+00          7.55494e-20          8.25370e-20          
9.93988e+00          7.58412e-20          8.28708e-20          
9.95992e+00          7.61335e-20          8.32053e-20          
9.97996e+00          7.64263e-20          8.35405e-20          
1.00000e+01          7.67197e-20          8.38763e-20          
